Peace:
    Thumb: 
    x:
    Right:
    0 and above


    Index:
    x: not using x
    Right:
    [[[-0.43055883049964905]], [[-0.45560500025749207]], [[-0.4651702046394348]], [[-0.4383266270160675]], [[-0.43747812509536743]], [[-0.4617045223712921]], [[-0.42414435744285583]], [[-0.4429500997066498]], [[-0.4605248272418976]], [[-0.45371267199516296]], [[-0.44518792629241943]], [[-0.4399033188819885]], [[-0.4580654203891754]], [[-0.45520466566085815]], [[-0.4804193377494812]], [[-0.4374791383743286]]]
    [[[0.2616156339645386]], [[0.2602677047252655]], [[0.25631973147392273]], [[0.24997533857822418]], [[0.25046437978744507]], [[0.26192474365234375]], [[0.26625311374664307]], [[0.2590649724006653]], [[0.2605486810207367]], [[0.2619756758213043]], [[0.263229638338089]], [[0.2636437714099884]], [[0.2540763318538666]], [[0.25779324769973755]], [[0.25158676505088806]], [[0.2622707784175873]]]

    Left:
    [[[-0.1320388913154602]], [[-0.12353403121232986]], [[-0.12239588052034378]], [[-0.12152958661317825]], [[-0.10244143009185791]], [[-0.11362464725971222]], [[-0.11743945628404617]], [[-0.10502340644598007]], [[-0.10360030829906464]], [[-0.1070571020245552]], [[-0.10761755704879761]], [[-0.11553575098514557]], [[-0.11809450387954712]], [[-0.10868071019649506]], [[-0.11457396298646927]], [[-0.10672765225172043]]]



    y:
    Right: 
    [[[-0.9483978152275085]], [[-0.9487621188163757]], [[-0.949867844581604]], [[-0.9506089687347412]], [[-0.9483972787857056]], [[-0.9476063847541809]], [[-0.9488572478294373]], [[-0.9482619762420654]], [[-0.9447746276855469]], [[-0.9485979676246643]], [[-0.9510138630867004]], [[-0.9498705863952637]], [[-0.9525373578071594]], [[-0.9464246034622192]], [[-0.9478906989097595]], [[-0.9502198696136475]]]
    [[[-0.9430243372917175]], [[-0.9346833229064941]], [[-0.939355731010437]], [[-0.9422505497932434]], [[-0.9448288083076477]], [[-0.9409471154212952]], [[-0.9421496391296387]], [[-0.9413517713546753]], [[-0.9404959678649902]], [[-0.9424813985824585]], [[-0.9428269863128662]], [[-0.9430089592933655]], [[-0.9448503851890564]], [[-0.9444569945335388]], [[-0.9451599717140198]], [[-0.9436334371566772]]]
    Left:
    [[[-0.9480510354042053]], [[-0.9433333873748779]], [[-0.9443181157112122]], [[-0.9440850615501404]], [[-0.9480501413345337]], [[-0.9459750652313232]], [[-0.9422816634178162]], [[-0.9436763525009155]], [[-0.945793092250824]], [[-0.9468170404434204]], [[-0.9507841467857361]], [[-0.9472458362579346]], [[-0.9467633962631226]], [[-0.9473809003829956]], [[-0.9476673007011414]], [[-0.9465359449386597]]]
    [[[-0.9544240832328796]], [[-0.9513550400733948]], [[-0.9516267776489258]], [[-0.95436030626297]], [[-0.9519964456558228]], [[-0.951095461845398]], [[-0.9521105289459229]], [[-0.9546976685523987]], [[-0.9517322778701782]], [[-0.9545085430145264]], [[-0.9550381898880005]], [[-0.9527333378791809]], [[-0.9570167660713196]], [[-0.9529557228088379]], [[-0.9547958970069885]], [[-0.9520304799079895]]]
    [[[-0.9604314565658569]], [[-0.9566009044647217]], [[-0.9545088410377502]], [[-0.9553035497665405]], [[-0.9516018033027649]], [[-0.9526297450065613]], [[-0.9461052417755127]], [[-0.9567418694496155]], [[-0.95054030418396]], [[-0.9558358192443848]], [[-0.9525442123413086]], [[-0.9462363123893738]], [[-0.947662889957428]], [[-0.9549466967582703]], [[-0.9434623718261719]], [[-0.9476197957992554]]]


    Middle:

    Ring:

    Pinky

